1 2 3 4 5 6 7 8 9 10 11 12 13 14 15 16 17 18 19 24 30 154 159 160 161 162 163 165 167 168 169 170 171 172 173 174 175 176 177 178 179 180 
1 2 3 4 5 6 7 8 9 10 11 12 13 14 15 16 17 19 20 25 150 162 163 164 165 166 168 169 170 171 172 173 174 175 176 177 178 179 180 
1 2 3 4 5 6 7 8 9 10 11 12 13 14 16 18 19 20 21 23 25 163 164 165 166 167 168 169 170 171 172 173 174 175 176 177 178 179 180 
1 2 3 4 5 6 7 8 9 10 11 12 13 14 15 16 17 18 19 21 23 26 32 164 165 166 169 170 173 174 175 176 178 179 180 
1 2 3 4 5 6 7 8 9 10 11 12 13 14 15 16 17 18 19 21 22 24 25 26 37 159 160 166 168 169 170 171 172 173 174 175 176 177 178 179 180 
1 2 3 4 5 6 7 8 9 10 11 12 13 14 15 16 17 18 20 21 23 24 25 27 30 31 33 34 36 166 168 172 173 174 175 176 177 178 179 180 
1 2 3 4 5 6 7 8 9 10 11 12 13 14 15 16 17 18 19 20 167 169 173 174 175 176 177 178 179 180 
1 2 3 4 5 6 7 8 9 10 11 12 13 14 15 16 17 18 19 20 21 22 27 29 33 36 160 167 168 171 172 175 177 179 180 
1 2 3 4 5 6 7 8 9 10 11 12 13 14 15 16 17 18 19 20 21 22 23 24 25 26 27 29 32 165 169 170 172 173 174 175 176 178 179 180 
1 2 3 4 5 6 7 8 9 10 11 12 13 14 15 16 17 18 19 20 21 22 25 28 29 30 32 34 168 169 170 171 172 173 174 175 176 177 178 179 180 
2 3 4 5 6 7 8 9 10 11 12 13 14 15 16 17 18 19 20 21 22 23 24 25 28 30 31 34 35 166 168 171 173 175 178 180 
1 3 4 5 6 7 8 9 10 11 12 14 15 16 17 18 19 20 21 22 23 24 26 27 28 29 31 34 35 163 165 168 170 173 174 175 176 177 178 179 
1 2 3 4 5 6 8 9 10 11 12 13 14 15 16 17 18 19 20 21 22 23 24 25 27 30 31 32 36 46 166 168 174 175 176 177 178 179 180 
1 2 3 4 5 6 7 8 9 10 11 12 13 14 15 16 17 18 19 20 21 22 23 24 25 26 28 29 30 31 32 33 35 168 170 174 175 178 179 180 
1 2 4 5 7 8 9 10 11 12 13 14 15 16 17 18 19 21 22 23 24 25 27 28 30 31 32 33 165 171 172 173 174 176 177 178 179 180 
1 2 4 5 6 7 8 9 10 11 12 13 14 15 16 17 18 19 20 21 22 23 24 25 26 27 28 29 30 31 32 33 34 37 46 170 
1 2 4 5 6 7 8 9 11 12 13 14 15 16 17 18 19 20 21 22 23 24 25 26 27 28 29 31 35 39 41 42 50 173 
1 4 5 6 7 8 9 10 11 12 13 14 15 16 17 18 20 22 23 24 25 26 27 28 29 30 31 32 33 34 35 36 38 39 41 168 172 174 177 179 
1 2 3 4 5 6 7 8 9 10 11 12 13 14 15 16 17 18 19 20 21 22 23 24 25 26 27 29 30 32 33 35 37 38 39 48 174 175 177 
1 2 3 4 5 7 8 10 11 12 13 14 15 17 18 19 20 21 22 23 24 25 26 27 28 30 31 32 33 34 35 36 38 40 41 44 45 175 176 179 
2 3 4 5 6 7 8 9 10 11 12 13 14 15 16 17 18 19 20 21 22 23 24 25 26 27 28 29 30 31 32 33 34 39 40 41 42 177 
1 7 8 9 10 11 12 13 14 15 16 17 18 19 20 21 22 23 24 25 26 27 28 29 30 31 32 33 34 35 39 40 41 47 
2 3 4 5 6 7 9 10 13 15 16 17 18 19 20 21 22 23 24 25 26 27 28 29 30 31 32 34 35 36 37 38 41 43 44 45 
1 3 6 19 20 21 22 23 24 25 26 27 28 29 30 31 32 33 34 35 36 37 38 39 40 41 42 49 178 
2 20 21 22 23 24 25 26 27 28 29 30 31 33 34 35 36 37 38 39 40 41 43 44 45 51 53 178 
1 20 21 22 23 24 25 26 27 28 29 30 31 32 33 34 35 36 37 38 39 40 41 42 45 47 50 51 
22 23 24 25 26 27 28 29 30 31 32 33 34 35 36 37 38 40 42 43 44 45 46 49 50 51 52 178 180 
22 23 24 26 27 28 29 30 31 32 33 34 35 36 37 38 39 41 43 47 51 
26 27 28 29 30 31 32 33 34 35 36 37 39 41 42 44 45 46 47 48 53 
6 26 27 28 29 30 31 32 33 34 35 36 37 38 39 40 41 43 45 47 48 49 50 56 
26 27 28 29 30 31 32 33 34 37 38 39 40 42 43 44 45 46 47 49 50 51 53 56 57 60 
26 28 29 31 32 33 34 35 36 37 38 39 40 41 42 43 45 46 47 48 49 50 51 56 63 
3 28 29 32 33 34 35 36 37 38 39 40 43 45 46 51 52 53 54 55 57 
33 34 35 36 37 38 39 40 41 42 43 44 45 47 48 49 50 51 54 62 
33 34 35 36 37 38 39 40 41 42 43 44 45 46 47 49 50 51 52 53 54 56 57 58 
35 36 37 38 39 40 41 42 43 44 45 47 48 50 51 52 53 57 58 
35 36 37 38 39 40 41 42 43 44 45 46 47 48 49 50 51 52 53 55 57 59 
36 37 38 39 40 41 42 43 44 45 46 47 50 53 54 55 56 59 61 
36 37 38 39 40 41 42 43 44 45 46 47 48 49 50 51 55 56 57 60 63 
36 37 38 39 40 41 42 43 44 45 46 47 49 50 51 53 54 56 57 58 60 61 
37 38 39 40 41 42 43 44 45 46 47 48 49 51 52 53 54 55 56 60 61 62 65 66 
38 40 41 42 43 44 45 46 47 48 49 50 51 52 54 55 56 57 58 59 67 
40 42 43 44 45 46 47 48 49 50 52 53 54 55 56 57 58 59 61 62 64 
40 42 43 44 45 46 47 48 49 50 51 52 53 54 55 56 57 58 59 60 61 62 64 69 72 
42 43 44 45 46 47 48 49 50 51 52 53 54 55 56 57 58 60 66 67 71 73 
42 43 44 46 47 48 49 50 51 52 53 54 55 56 57 58 59 60 61 62 63 65 66 67 72 
42 43 44 46 47 48 49 50 51 52 53 54 56 57 58 59 60 63 69 
44 46 48 49 50 51 52 53 54 55 57 58 59 61 62 65 67 70 74 
44 46 47 48 49 50 51 52 54 56 57 58 59 60 61 62 63 64 65 66 67 69 87 
46 48 49 50 51 52 53 54 55 56 57 58 59 60 61 62 63 64 65 66 68 69 73 
49 52 53 54 55 56 58 59 60 61 62 63 64 66 67 69 70 71 72 73 
48 49 52 53 54 55 56 57 58 59 60 61 62 63 64 65 66 67 72 74 
48 52 53 54 55 56 57 58 59 60 61 62 63 64 65 66 67 68 71 72 74 80 82 
48 52 53 54 55 56 57 58 59 60 61 62 63 64 66 67 68 69 70 72 75 76 77 79 82 84 
48 52 53 54 55 56 57 58 59 60 61 62 63 65 66 67 69 70 73 74 75 82 
52 54 55 56 57 58 59 60 61 62 63 64 65 66 67 68 70 71 72 73 74 75 76 78 
52 54 55 57 58 59 60 61 62 63 64 65 66 68 69 70 72 73 76 
55 58 59 60 61 62 63 64 65 66 67 68 69 70 71 72 75 77 78 83 85 
55 58 59 60 61 62 63 64 65 66 67 68 69 71 72 74 76 78 79 81 82 
55 58 59 60 61 62 63 64 65 66 67 68 69 70 71 73 76 77 78 80 81 
59 60 61 62 63 64 65 66 67 68 69 70 71 72 73 74 75 76 77 79 80 83 
59 60 61 62 63 64 65 66 67 68 69 70 71 72 73 74 76 77 78 81 83 84 89 93 
61 62 63 64 65 66 67 68 69 70 72 74 75 76 77 79 80 81 82 85 87 
62 63 64 65 66 67 68 69 70 71 73 74 75 76 77 78 79 80 81 82 87 
63 64 65 66 67 68 69 70 71 72 73 74 75 76 77 79 80 81 82 85 87 88 
63 64 65 66 67 68 69 71 72 73 74 75 76 77 78 79 80 81 82 83 84 87 
64 65 66 67 68 69 70 71 72 73 74 75 76 77 78 79 80 81 82 87 89 90 91 
64 65 67 68 69 71 72 73 74 75 76 77 78 79 80 81 82 85 89 91 
64 65 68 69 70 71 72 73 74 75 76 78 80 81 82 84 85 87 88 89 90 96 97 98 
68 69 70 71 72 73 74 75 76 77 78 79 80 81 82 84 85 86 89 90 94 96 
68 70 71 72 73 74 75 76 77 78 79 80 81 82 83 84 85 86 87 88 90 91 92 93 95 100 
68 69 70 71 72 73 74 75 76 77 79 81 82 83 84 85 86 92 
68 70 71 72 73 74 75 76 77 78 79 80 81 82 83 84 85 86 89 90 92 97 
68 70 71 73 74 75 76 77 78 79 80 81 82 83 84 85 86 87 88 89 90 
70 71 73 74 75 76 77 78 79 80 81 82 83 84 85 86 87 89 91 94 
70 71 73 74 75 76 77 78 79 80 81 83 84 85 86 87 88 89 91 92 93 94 95 98 
75 76 77 78 79 80 81 83 84 85 86 87 88 89 91 92 93 94 96 98 99 100 
75 77 78 79 80 82 83 84 85 86 87 88 89 90 92 94 95 100 
75 77 78 79 80 81 82 83 84 85 86 87 88 89 90 91 92 93 95 97 98 99 103 105 107 109 
77 78 79 80 81 82 83 84 85 86 87 88 89 90 91 92 94 95 97 98 101 104 106 110 
78 79 80 81 82 83 84 85 86 87 88 89 90 91 92 93 94 97 98 100 102 105 106 108 
78 79 80 81 82 83 84 85 86 87 88 90 91 92 93 94 95 96 97 98 99 101 102 104 
83 84 85 86 87 88 89 90 91 92 93 94 95 96 97 99 102 103 104 
83 84 85 86 87 88 89 90 91 92 93 94 95 96 97 98 101 102 103 105 106 107 
83 84 85 86 87 88 89 90 91 92 93 94 95 96 97 98 100 101 102 106 
83 84 85 86 87 88 89 90 91 92 93 94 95 96 97 98 99 100 101 102 104 107 108 124 
83 84 86 87 88 89 90 91 92 94 95 96 97 98 100 101 103 104 106 109 117 
83 86 88 89 90 91 92 93 94 95 96 97 98 99 100 101 102 103 104 105 106 108 110 
86 88 89 90 91 92 93 94 95 96 97 98 99 100 101 102 103 105 106 109 110 
86 88 89 90 91 92 93 94 95 97 98 99 100 102 103 104 105 108 110 112 116 
86 88 90 91 92 93 94 95 96 97 98 99 100 101 103 104 106 107 108 114 122 
88 90 91 92 93 94 95 96 97 98 99 101 102 103 105 106 107 109 110 111 117 
88 90 92 93 94 95 96 97 98 99 100 101 102 103 104 106 107 108 109 110 114 118 129 
91 92 93 94 95 96 97 98 99 100 101 102 103 104 105 106 107 108 110 113 114 115 118 
91 93 94 95 96 97 98 99 100 101 102 103 105 106 107 108 109 110 111 112 113 114 115 116 119 
93 94 95 96 97 98 99 100 101 102 103 104 105 106 107 108 109 110 111 114 123 
93 95 96 97 98 99 100 101 102 103 104 105 106 107 108 109 111 117 118 
93 95 96 97 98 99 100 101 102 103 104 105 106 107 108 109 110 111 112 113 115 117 118 119 120 122 
96 99 100 101 102 103 104 105 106 107 108 109 110 111 112 115 116 119 121 123 128 
96 99 100 101 102 103 104 105 106 107 108 109 110 111 112 113 114 115 116 117 118 124 130 
96 100 101 102 103 104 105 106 108 109 110 111 112 113 114 116 117 118 120 121 122 123 127 
99 100 101 102 103 104 105 106 107 108 109 110 111 112 113 115 116 117 118 120 121 123 126 
99 100 101 102 103 104 105 106 107 108 109 110 111 112 113 114 115 116 118 119 120 123 124 128 
99 101 102 103 104 105 106 107 108 109 110 111 112 113 114 115 116 117 118 119 120 121 122 125 129 
99 103 104 105 106 107 108 109 110 111 112 113 114 115 116 117 119 120 121 124 125 127 130 
104 105 107 108 109 110 111 113 114 115 116 117 118 119 120 121 122 127 
104 105 107 108 109 110 111 112 113 115 116 117 118 119 120 121 122 123 124 125 127 133 
105 107 108 109 110 111 112 113 114 115 116 117 118 119 120 121 122 123 125 130 131 136 
107 108 109 110 111 112 113 114 115 116 117 118 119 120 121 122 124 125 129 135 136 
107 109 110 111 112 113 114 115 116 117 118 120 121 122 123 124 125 126 127 128 129 145 
109 111 112 113 114 115 116 117 118 119 120 121 122 124 125 126 127 128 129 130 131 141 
111 112 114 115 116 117 118 119 120 121 122 123 124 125 126 127 128 129 130 131 136 
111 112 113 114 115 116 117 118 119 120 121 122 123 124 125 126 128 129 130 132 134 138 
111 112 113 114 115 116 117 118 119 120 121 122 123 124 125 126 128 129 131 133 137 147 
111 112 113 114 115 116 117 118 119 120 121 122 123 124 125 126 127 128 129 130 132 133 135 137 140 
112 113 114 115 116 117 118 119 120 121 122 123 124 125 126 127 129 130 132 133 136 140 142 
112 113 114 115 116 117 118 119 120 121 122 123 124 126 127 128 129 130 131 132 133 134 135 136 139 140 141 
112 113 114 115 116 117 118 119 120 121 122 123 124 125 126 127 128 129 131 132 133 134 135 136 
113 119 120 121 122 123 124 125 126 127 128 129 130 131 132 133 134 135 136 137 138 139 140 
119 120 121 122 123 124 125 126 127 128 129 130 131 132 133 134 135 136 139 141 147 
119 120 122 123 124 125 126 127 128 129 130 131 132 133 135 136 139 141 142 143 
119 121 122 123 124 125 127 128 129 130 131 137 141 142 145 149 155 
121 122 123 124 125 126 127 128 129 130 131 132 133 134 138 139 143 145 146 147 148 151 
123 124 125 126 127 128 130 131 132 133 134 135 136 137 138 139 140 141 143 145 147 
123 124 125 126 127 128 129 130 131 132 133 134 135 136 137 138 139 140 141 142 144 146 149 150 
125 126 127 128 129 130 131 132 133 134 135 136 138 139 143 147 150 156 
125 126 127 128 129 130 131 132 133 134 135 136 137 138 139 140 141 142 144 147 
126 127 128 129 130 131 132 133 134 135 136 137 138 139 140 141 142 143 145 146 
126 127 128 129 130 131 132 133 134 135 136 137 138 139 140 142 143 144 146 149 153 
126 128 130 131 132 133 134 135 136 137 138 139 140 141 143 144 145 147 149 150 151 155 156 
126 130 131 132 133 134 135 136 137 138 140 141 142 143 144 145 146 148 149 150 151 153 
131 132 133 134 135 136 137 138 139 140 141 142 143 144 145 146 149 150 154 156 
131 133 134 135 136 138 139 140 141 142 143 144 145 146 147 148 150 151 154 157 162 
131 132 133 134 135 136 137 138 139 140 141 142 143 144 145 146 147 148 149 150 154 156 
132 133 134 135 136 137 138 139 140 141 142 143 144 145 146 148 149 150 151 155 156 159 161 165 
132 134 135 136 137 138 139 140 141 142 143 144 145 146 147 148 149 150 151 152 154 156 158 159 
132 134 135 137 138 139 140 141 142 143 144 145 146 147 148 149 150 151 152 153 156 157 159 160 
134 135 137 138 139 140 141 142 143 144 145 146 147 148 149 150 151 153 154 159 160 
134 137 138 139 140 141 142 143 144 145 146 147 148 149 150 151 152 153 154 159 
137 138 139 140 141 142 143 144 145 146 147 148 150 151 152 153 154 155 156 157 160 161 162 163 165 
137 138 139 140 141 142 143 144 145 146 147 148 149 150 151 152 154 155 156 157 166 
137 138 140 141 142 143 144 145 146 147 148 149 150 151 153 154 156 157 160 
137 142 143 144 145 146 147 148 149 150 151 152 153 154 157 160 161 162 164 
142 143 144 145 146 147 148 149 150 151 152 153 154 155 156 158 159 160 162 164 167 
142 143 144 145 146 147 148 149 150 151 152 153 154 155 156 157 158 159 160 161 162 163 167 169 
144 145 146 147 148 149 150 151 152 153 154 155 156 157 158 159 160 161 162 163 164 165 166 169 
144 146 147 148 149 150 151 152 153 154 155 156 157 158 159 160 161 163 164 170 
144 146 147 148 149 150 151 152 153 154 155 156 157 158 159 161 162 163 164 170 171 
148 149 151 152 153 154 155 156 157 158 159 160 162 163 164 166 168 169 170 173 174 
2 148 149 151 152 153 154 155 156 157 159 160 161 162 163 164 165 166 169 170 171 
148 151 152 153 154 155 156 157 158 159 160 161 162 163 164 165 166 167 168 169 171 174 175 179 
148 151 152 153 154 156 157 158 159 160 161 162 163 164 165 166 167 168 170 171 172 174 175 177 
152 153 154 155 156 157 158 159 160 161 163 164 165 166 168 172 173 
152 153 154 155 156 157 158 159 160 161 162 164 165 166 168 170 172 175 176 
152 153 155 156 157 158 159 160 161 162 163 164 165 166 167 169 170 171 172 173 174 177 
152 153 155 157 158 159 160 161 162 163 164 166 167 168 169 170 171 173 178 
152 155 157 158 159 160 161 162 163 164 165 166 167 168 169 171 172 173 174 175 176 177 179 
152 155 157 158 159 160 161 162 163 164 165 166 167 168 169 170 171 172 174 
3 152 153 155 157 158 161 162 163 164 165 166 167 168 169 170 172 173 174 177 
3 155 157 158 161 162 163 164 165 166 167 168 169 170 171 172 173 175 177 
155 158 161 162 163 164 165 166 167 169 170 171 172 173 177 178 179 
158 161 162 163 164 165 167 169 171 172 173 175 177 179 180 
158 161 167 169 171 172 176 177 178 
158 171 172 176 179 180 
158 167 171 176 179 180 
167 176 178 180 
167 176 178 180 
167 176 
167 176 180 
180 
 
 
 
 
 
 
 
 
 
 
 
 
 
 
 
 
 
 
 
 
 
 
 
 
 
 
 
 
 
 
 
 
 
 
 
 
 
 
 
 
 
 
 
 
 
 
 
 
 
 
 
 
 
 
 
