1 2 3 4 5 6 7 8 9 10 11 12 13 14 15 16 17 18 19 24 30 154 159 160 161 162 163 165 167 168 169 170 171 172 173 174 175 176 177 178 179 180 
226 227 228 229 230 231 232 233 234 235 236 237 238 239 240 241 242 244 20 25 150 387 388 164 390 166 393 394 395 396 397 398 399 400 401 402 403 404 405 
451 452 453 454 455 456 457 458 459 460 461 462 463 464 466 243 469 245 21 23 250 613 389 615 391 392 618 619 620 621 622 623 624 625 626 627 628 629 630 
676 677 678 679 680 681 682 683 684 685 686 687 688 689 465 691 467 468 694 246 248 26 32 614 840 616 844 845 848 849 850 851 853 854 855 
901 902 903 904 905 906 907 908 909 910 911 912 913 914 690 916 692 693 919 471 22 249 475 251 37 384 385 841 843 1069 1070 846 847 1073 1074 1075 1076 852 1078 1079 1080 
1126 1127 1128 1129 1130 1131 1132 1133 1134 1135 1136 1137 1138 1139 915 1141 917 918 470 696 473 474 700 27 255 31 33 34 36 1066 1068 1072 1298 1299 1300 1301 1077 1303 1304 1305 
1351 1352 1353 1354 1355 1356 1357 1358 1359 1360 1361 1362 1363 1364 1140 1366 1142 1143 1144 695 617 1294 1523 1524 1525 1526 1302 1528 1529 1530 
1576 1577 1578 1579 1580 1581 1582 1583 1584 1585 1586 1587 1588 1589 1365 1591 1367 1368 1369 920 921 247 252 29 258 261 610 842 1293 1071 1297 1750 1527 1754 1755 
1801 1802 1803 1804 1805 1806 1807 1808 1809 1810 1811 1812 1813 1814 1590 1816 1592 1593 1594 1145 1146 472 698 699 925 476 477 254 257 1065 1519 1295 1522 1748 1749 1975 1751 1753 1979 1980 
2026 2027 2028 2029 2030 2031 2032 2033 2034 2035 2036 2037 2038 2039 1815 2041 1817 1818 1819 1370 1371 697 1150 28 479 480 482 259 1518 1744 1520 1296 1747 1973 1974 2200 1976 1752 1978 2204 2205 
2252 2253 2254 2255 2256 2257 2258 2259 2260 2261 2262 2263 2264 2040 2266 2042 2043 2044 1595 1596 922 923 924 1375 253 705 256 484 35 1291 1743 1521 2198 2425 2203 2430 
2251 2478 2479 2480 2481 2482 2483 2484 2485 2486 2487 2489 2265 2491 2267 2268 2269 1820 1821 1147 1148 1149 701 702 478 704 481 709 260 838 1290 1968 1745 2423 2199 2650 2201 1977 2428 2429 
2476 2477 2703 2704 2705 2706 2708 2709 2710 2711 2712 2488 2714 2490 2716 2492 2493 2494 2045 2046 1372 1373 1374 1600 927 930 706 707 486 46 1516 2193 2424 2875 2426 2202 2653 2654 2655 
2701 2702 2928 2929 2930 2931 2707 2933 2934 2935 2936 2937 2713 2939 2715 2941 2717 2718 2719 2270 2271 1597 1598 1599 1825 926 703 929 1155 931 932 483 485 2418 1970 2649 3100 2878 2879 2880 
2926 2927 3154 3155 2932 3158 3159 3160 3161 3162 2938 3164 2940 3166 2942 2943 2944 2496 1822 1823 1824 2050 1152 928 1380 1156 1157 708 1515 1746 1972 2648 2874 2651 2427 3103 3104 3105 
3151 3152 3379 3380 3156 3157 3383 3384 3385 3386 3387 3163 3389 3165 3391 3167 3168 3169 2495 2721 2047 2048 2049 2275 1151 1377 1153 1154 1605 1381 1382 933 934 262 271 2195 
3376 3377 3604 3605 3381 3382 3608 3609 3611 3612 3388 3614 3390 3616 3392 3393 3394 2720 2946 2272 2273 2274 2500 1376 1602 1378 1379 1606 710 39 41 42 50 2873 
3601 3829 3830 3606 3607 3833 3834 3610 3836 3837 3613 3839 3615 3841 3617 3618 2945 2497 2498 2499 2725 1601 1827 1603 1604 1830 1831 1607 1158 1159 935 711 38 264 266 2643 2197 3099 2652 3329 
3826 3602 3153 4054 4055 3831 3832 4058 4059 3835 4061 4062 3838 4064 3840 4066 3842 3843 3619 3170 3171 2722 2723 2724 2950 1826 2052 1829 2055 1832 1383 1160 487 263 489 48 3324 3325 2877 
4051 3827 3378 4279 4280 4057 4283 4060 4286 4287 4063 4289 4065 4067 4068 3844 3395 3396 2947 2948 2949 3175 2051 2277 1828 2280 2056 2057 1608 1384 1385 936 488 40 491 44 45 3550 2876 3554 
4052 3603 4504 4505 4056 4282 4508 4284 4285 4511 4512 4288 4514 4290 4291 4292 4293 4069 3620 3621 3172 3173 3174 3400 2276 2502 2053 2054 2505 2281 2282 1833 1609 714 265 716 267 3102 
4276 4507 4733 4509 4510 4736 4737 4513 4739 4515 4516 4517 4518 4294 3845 3846 3397 3398 3399 3625 2501 2727 2278 2279 2730 2506 2507 2058 1834 1610 939 490 941 47 
4277 3828 4729 4730 4281 4732 4734 4735 4738 4740 4741 4742 4743 4519 4070 4071 3622 3623 3624 3850 2726 2952 2503 2504 2955 2731 2732 2059 1835 1161 712 713 1166 43 269 270 
4501 4053 4506 4744 4295 4296 3847 3848 3849 4075 2951 3177 2728 2729 3180 2956 2957 2283 2284 2060 1386 937 938 1164 715 1391 492 49 3328 
4502 4520 4521 4072 4073 4074 4300 3176 3402 2953 2954 3405 3181 2508 2509 2285 1611 1162 1163 1389 940 1616 268 494 495 51 53 3553 
4726 4745 4746 4297 4298 4299 4525 3401 3627 3178 3179 3630 3406 3182 2733 2734 2510 1836 1387 1388 1614 1165 1841 717 720 272 275 276 
4522 4523 4524 4750 3626 3852 3403 3404 3855 3631 3407 2958 2959 2735 2061 1612 1613 1390 942 493 719 945 496 274 500 501 52 3778 3330 
4747 4748 4749 3851 4077 3628 3629 4080 3856 3632 3183 3184 2960 2286 1837 1838 1839 2066 718 497 726 
4076 4302 3853 3854 4305 4081 3857 3408 3409 3185 2511 2062 2064 2291 1167 944 1170 721 722 273 278 
4731 4301 4527 4078 4079 4530 4306 4082 3633 3634 3410 2736 2287 2063 2289 1615 2516 943 1395 947 498 499 725 56 
4526 4752 4303 4304 4755 4531 4307 3858 3859 2512 2288 2514 1840 1392 1168 1169 1620 946 1172 724 950 951 503 281 57 60 
4751 4528 4529 4756 4532 4083 4084 3635 2961 2737 2513 2739 2065 2741 1617 1393 1845 1171 1397 723 949 1175 1176 506 63 
4278 4753 4754 4757 4308 4309 3860 3186 2962 2738 2964 2290 1618 2070 1396 1401 277 728 54 55 282 
4533 4534 4085 3411 3187 2963 3189 2515 2966 1842 1843 1394 2295 1622 948 1174 1400 1626 279 62 
4758 4759 4310 3636 3412 3188 3414 2740 3191 2067 2068 1619 2520 1621 1847 1399 1625 1851 502 953 504 731 507 58 
4535 3861 3637 3413 3639 2965 3416 2292 2293 1844 2745 2072 1173 1850 2076 727 1178 732 283 
4760 4086 3862 3638 3864 3190 3641 2517 2518 2069 2970 1846 2297 1398 1624 2075 2301 952 1403 280 957 59 
4311 4087 3863 4089 3415 3866 2742 2743 2294 3195 2071 2522 2300 1628 729 505 956 284 61 
4536 4312 4088 4314 3640 4091 2967 2968 2519 3420 2296 2747 1623 1849 2525 2526 730 1181 1182 285 288 
4761 4537 4313 4539 3865 4316 3192 3193 2744 3645 2521 2972 2074 2750 2751 1853 954 1406 1407 508 510 286 
4762 4538 4764 4090 4541 3417 3418 2969 3870 2746 3197 1848 2299 2976 1177 2078 1179 955 1631 735 511 287 65 66 
4763 4315 4766 3642 3643 3194 4095 2971 3422 2073 2524 2975 3201 1402 1404 1180 1856 1632 733 509 67 
4540 3867 3868 3419 4320 3196 3647 2298 2749 3200 1627 2303 1629 1405 2081 1857 958 734 736 512 64 
4765 4092 4093 3644 4545 3421 3872 2523 2974 3425 3426 1852 2528 1854 1630 2306 2082 1183 959 960 961 737 289 69 72 
4317 4318 3869 4770 3646 4097 2748 3199 3650 3651 2077 2753 2079 1855 2531 2307 1408 1185 291 292 71 73 
4542 4543 4094 3871 4322 2973 3424 3875 3876 2302 2978 2304 2080 2756 2532 1633 1184 1410 1186 962 513 290 516 517 297 
4767 4768 4319 4096 4547 3198 3649 4100 4101 2527 3203 2529 2981 2757 1858 1409 1635 738 294 
4544 4321 3423 3874 4325 4326 2752 3428 2754 2305 2982 2083 1634 1411 1187 515 742 70 74 
4769 4546 4772 3648 4099 4550 4551 2977 2979 3206 3207 2308 1859 1860 1636 1412 963 514 740 741 967 519 87 
4771 3873 4324 4775 4776 3202 3653 3204 2530 3431 3432 2533 2084 2085 1861 1637 1188 739 965 966 68 744 298 
4549 3427 3878 3429 2755 3656 2758 2309 2310 2086 1862 1413 964 1191 1192 969 295 296 522 523 
4098 4774 3652 4103 3654 2980 3881 3657 2983 2534 2535 2311 2087 1638 1189 1190 1416 1417 747 299 
4323 3877 4328 3879 3205 4106 3882 3208 2759 2760 2536 2312 1863 1414 1415 1641 1642 293 521 972 524 80 82 
4548 4102 4553 4104 3430 4331 4107 3433 2984 2985 2761 2537 2088 1639 1866 1867 518 1194 520 1197 75 76 77 79 307 84 
4773 4327 4778 4329 3655 4556 4332 3658 3209 3210 2986 2762 2313 1640 2091 2092 1419 745 748 749 300 532 
4552 4554 3880 4781 4557 3883 3434 3435 3211 2987 2538 1864 1865 2316 2317 743 970 746 1422 973 974 525 301 78 
4777 4779 4105 4782 4108 3659 3660 3436 3212 2763 2089 2090 2541 968 1644 1195 1647 1198 526 
4330 4333 3884 3885 3661 3437 2988 2314 2315 2766 2542 1193 1869 1420 971 1872 750 302 303 83 85 
4555 4558 4109 4110 3886 3662 3213 2539 2540 2991 2767 1418 2094 1196 2097 1199 751 528 304 81 757 
4780 4783 4334 4335 4111 3887 3438 2764 2765 3216 2992 1643 2319 1645 1421 1423 976 527 753 305 306 
4559 4560 4336 4112 3663 2989 2990 3441 3217 1868 2544 1870 1646 2322 1648 1424 975 1201 752 529 530 308 
4784 4785 4561 4337 3888 3214 3215 3666 3442 2093 2769 2095 1871 2547 1873 1649 1426 977 978 531 533 309 89 93 
4786 4562 4113 3439 3440 3891 3667 2318 2994 2320 2772 1874 1200 1651 1202 754 755 756 982 310 312 
4787 4338 3664 3665 4116 3892 2543 3219 2545 2096 2098 2099 1425 1876 1427 1203 979 980 981 1207 537 
4563 3889 3890 4341 4117 2768 3444 2770 2321 2997 2323 2324 1650 2101 1652 1204 1205 1206 1432 535 762 88 
4788 4114 4115 4566 4342 2993 3669 2546 3222 2548 2549 1875 2326 1877 1428 1429 1430 1431 1657 758 534 987 
4339 4340 4791 4567 3218 3894 2995 2771 3447 2773 2774 2100 2551 2102 1653 1654 1655 1656 1882 1212 314 90 91 
4564 4565 4792 3443 4119 2996 3672 2998 2999 2325 2776 2327 1878 1879 1880 1881 2107 760 539 316 
4789 4790 3668 4344 3220 3221 3897 3223 3224 2550 3001 2103 2105 2106 2332 759 985 1437 313 764 315 96 97 98 
3893 4569 3445 3446 4122 3448 3449 2775 3226 2552 2328 2104 2330 2331 2557 984 1210 86 989 540 94 321 
4118 3670 3671 4347 3673 3674 3000 3451 2777 2553 2329 2555 2556 2782 983 1209 1435 311 1662 538 765 541 92 318 95 100 
4343 4794 3895 3896 4572 3898 3899 3225 3676 3002 2554 2781 3007 1208 1434 1660 536 317 
4568 4120 4121 4797 4123 4124 3450 3901 3227 2778 2779 2780 3006 3232 1433 1659 1885 761 1214 990 542 322 
4793 4345 4346 4348 4349 3675 4126 3452 3003 3004 3005 3231 3457 1658 1884 2110 986 1887 763 1439 1215 
4570 4571 4573 4574 3900 4351 3677 3228 3229 3230 3456 3682 1883 2109 2335 1211 2112 1664 766 319 
4795 4796 4798 4799 4125 4576 3902 3453 3454 3455 3681 2108 2334 2560 1436 2337 988 1889 991 767 543 544 320 323 
4350 4801 4127 3678 3679 3680 3906 2333 2559 2785 1661 2562 1213 2114 1216 992 768 769 546 548 99 325 
4575 4352 3903 3904 3905 3907 2558 2784 3010 1886 2787 1438 2339 1440 1217 994 545 550 
4800 4577 4128 4129 4130 4131 4132 2783 3009 3235 2111 3012 1663 2564 1665 1441 1442 993 770 547 773 324 103 105 107 109 
4802 4353 4354 4355 4356 4357 3008 3234 3460 2336 3237 1888 2789 1890 1666 1667 1219 995 772 998 101 104 106 110 
4578 4579 4580 4581 4582 3233 3459 3685 2561 3462 2113 3014 2115 1891 1892 1218 1444 997 1223 775 102 330 331 108 
4803 4804 4805 4806 4807 3458 3684 3910 2786 3687 2338 2340 2116 2117 1443 1669 1220 771 1222 1448 549 326 327 329 
3683 3909 4135 3011 3912 2563 3239 2565 2341 2342 1668 1894 1445 996 1447 774 552 328 554 
3908 4134 4360 3236 4137 2788 3464 2790 2566 2567 1893 2119 1670 1221 1672 1673 551 777 553 555 556 332 
4133 4359 4585 3461 4362 3013 3689 3015 2791 2792 2118 2344 1895 1446 1897 1898 1000 776 1002 781 
4358 4584 4810 3686 4587 3238 3914 3240 3016 3017 2343 2569 2120 1671 2122 2123 999 1225 1001 1227 779 557 333 124 
4583 4809 3911 4812 3463 4139 3465 3241 3242 2794 2345 1896 2347 2348 1450 1226 778 1004 1006 334 117 
4808 4136 3688 4364 3690 3466 3467 2568 3019 2570 2121 2572 2573 1224 1675 1451 1452 1003 1229 780 1231 558 335 
4361 3913 4589 3915 3691 3692 2793 3244 2795 2346 2797 2798 1449 1900 1676 1677 1228 1005 1456 559 560 
4586 4138 4814 4140 3916 3917 3018 3469 3020 3022 3023 1674 2125 1902 1453 1454 1230 783 785 112 116 
4811 4363 4365 4141 4142 3243 3694 3245 2571 3247 3248 1899 2350 1901 1678 1679 1681 782 1008 114 122 
4588 4590 4366 4367 3468 3919 3470 2796 3472 3473 2124 2126 2127 1903 1455 1906 1007 784 1010 111 342 
4813 4815 4592 3693 4144 3695 3021 3697 3698 2349 2575 2351 2352 2128 1904 2131 1232 1233 1009 1235 339 118 129 
4591 4817 3918 4369 3920 3246 3922 3923 2574 2800 2576 2577 2353 2129 1680 2356 1457 1458 1460 113 564 115 343 
4816 4143 4594 4145 3471 4147 4148 2799 3025 2801 2802 2578 1905 2581 1682 1683 1234 1685 336 337 338 789 340 341 119 
4368 4819 4370 3696 4372 4373 3024 3250 3026 3027 2803 2354 2130 2806 1907 1908 1459 1910 561 1014 123 
4593 4595 3921 4597 4598 3249 3475 3251 3252 3028 2579 2355 3031 2132 2133 1684 786 567 568 
4818 4820 4146 4822 4823 3474 3700 3476 3477 3253 2804 2580 3256 2357 2358 1909 2135 1011 562 563 565 792 793 344 120 347 
4371 3699 3925 3701 3702 3478 3029 2805 3481 2582 2583 2134 2360 1236 787 790 566 569 121 348 128 
4596 3924 4150 3926 3927 3703 3254 3030 3706 2807 2808 2359 2585 1461 1012 788 1239 1015 791 1017 1018 349 130 
4821 4375 4151 4152 3928 3479 3255 3931 3033 2584 2810 1686 1237 1013 1464 1016 1242 1243 345 346 572 573 127 
4149 4600 4376 4377 4153 3704 3480 4156 3032 3258 2809 3035 1911 1462 1238 1240 1241 1467 1468 570 571 798 126 
4374 4825 4601 4602 4378 3929 3705 4381 3257 3483 3034 3260 2136 1687 1463 1689 1465 1466 1693 794 795 1023 574 353 
4599 4826 4827 4603 4154 3930 4606 3482 3708 3259 3485 2361 1912 1688 1914 1690 1691 1692 1918 1019 1020 796 797 125 354 
4824 4828 4379 4155 4831 3707 3933 3484 3710 2586 2137 1913 2139 1915 1916 1917 1244 1245 1021 799 350 352 355 
4604 4380 3932 4158 3709 3935 2811 2138 2364 2140 2141 2142 2143 1469 1470 1246 1022 577 
4829 4605 4157 4383 3934 4160 3036 2362 2363 2365 2366 2367 2368 1694 1695 1471 1247 1248 1024 575 802 133 
4830 4382 4608 4159 4385 3261 2587 2588 2589 2590 2591 2592 2593 1919 1920 1696 1472 1473 800 580 131 136 
4607 4833 4384 4610 3486 2812 2813 2814 2815 2816 2817 2818 2144 2145 1921 1697 1249 1025 579 135 361 
4832 4609 4835 3711 3037 3038 3039 3040 3041 3042 3043 2370 2146 1922 1698 1474 1250 351 1027 578 804 145 
4834 3936 3262 3263 3264 3265 3266 3267 3268 2369 2595 2371 2147 1699 1475 576 1252 803 1029 805 356 141 
4161 3487 3489 3490 3491 3492 3493 2594 2820 2596 2372 1923 1924 1700 801 1477 1028 1254 1030 581 586 
4386 3712 3488 3714 3715 3716 3717 3718 2819 3045 2821 2597 2148 2149 1925 1026 1253 1479 1255 132 134 138 
4611 3937 3713 3939 3940 3941 3942 3943 3044 3270 3046 2822 2373 2374 2150 1251 1478 1704 806 358 137 147 
4836 4162 3938 4164 4165 4166 4167 4168 3269 3495 3271 3047 2598 2599 2375 1476 1702 1703 1929 1480 357 583 360 362 140 
4387 4163 4389 4390 4391 4392 4393 3494 3720 3496 3272 2823 2824 2600 1701 1927 2154 1705 582 808 811 365 142 
4612 4388 4614 4615 4616 4617 4618 3719 3945 3721 3497 3048 3049 1926 2152 1928 2379 1930 1031 807 1033 359 585 1036 139 590 366 
4837 4613 4839 4840 4841 4842 4843 3944 4170 3946 3722 3273 3274 2825 2151 2377 2153 2604 1256 1032 1258 584 810 1261 
4838 4169 4395 4171 3947 3498 3499 3050 2376 2602 2378 2829 2155 1481 1257 1483 809 1035 1486 587 363 364 815 
4394 4620 4396 4172 3723 3724 3275 2601 2827 2603 3054 2380 1706 1482 1708 1034 1260 1711 589 591 372 
4619 4845 4397 3948 3949 3500 2826 3052 2828 3279 2605 1931 1707 1933 1485 1936 814 816 367 143 
4844 4621 4622 4173 4174 3725 3277 3053 3504 2830 2156 812 1041 592 370 149 155 
4846 4847 4398 4399 3950 3051 3502 3278 3729 3055 2381 1932 2158 1259 588 1039 368 595 146 597 148 151 
4623 4624 4175 3276 3727 3503 3280 2606 2157 2383 1484 1710 2161 1037 813 1264 1040 1266 593 820 822 
4848 4849 4400 3501 3952 3728 3954 3505 2831 2382 2608 1709 1935 2386 1262 1038 1489 1265 1491 817 144 371 374 375 
4625 3726 4177 3953 4179 3730 3056 2607 2833 1934 2160 2611 1263 1714 818 1047 600 156 
4850 3951 4402 4178 4404 3955 3281 2832 3058 2159 2385 2836 1487 1488 1939 1490 1716 1042 369 1272 
4176 4627 4403 4629 4180 3506 3057 3283 2384 2610 3061 1712 1713 2164 1715 1941 1267 1043 1045 596 
4401 4852 4628 4854 4405 3731 3282 3508 2609 2835 3286 1937 1938 2389 1940 1492 1268 594 821 599 153 
4626 4853 4630 3956 3507 3733 2834 3060 3511 2162 2163 2614 2165 2166 1493 819 1270 1497 824 825 376 380 381 
4851 4855 4181 3732 3958 3059 3285 3736 2387 2388 2390 2391 1717 1718 1044 1495 1046 373 1049 1050 601 378 
4406 3957 4183 3284 3510 3961 2612 2613 2839 2615 2616 1942 1943 1269 1720 1271 1274 1275 379 606 
4631 4408 3509 3735 4186 2838 3064 2840 2841 2167 2168 1494 1945 1496 1722 598 1500 826 604 157 612 
4856 4182 4633 3734 3960 4411 2837 3063 3289 3065 3066 2392 2393 1719 2170 1721 1947 823 1499 1725 829 831 
4407 4858 3959 4185 4636 3062 3288 3514 3290 3291 2617 2618 1944 2395 1946 1048 1724 1950 1051 605 1056 609 386 1740 
4632 4184 4410 4861 3287 3513 3739 3515 3516 2842 2843 2169 2620 2171 2172 1273 1949 2175 1276 152 1054 1281 158 834 
4857 4409 4635 3512 3738 3964 3740 3741 3067 3068 2394 2845 2396 2397 1498 2174 2400 1501 377 603 1506 382 1059 835 
4634 4860 3737 3963 4189 3965 3966 3292 3293 2619 3070 2621 2622 1723 2399 2625 1726 828 1279 1284 1060 
4859 3962 4188 4414 4190 4191 3517 3518 2844 3295 2846 2847 1948 2624 2850 1951 602 1053 1504 1509 
4187 4413 4639 4415 4416 3742 3743 3069 3520 3071 3072 2173 3075 2176 827 1278 1729 830 1731 607 1285 611 837 1063 1965 
4412 4638 4864 4640 4641 3967 3968 3294 3745 3296 3297 2398 2849 3300 2401 1052 1954 1055 1956 832 1741 
4637 4863 4865 4866 4192 4193 3519 3970 3521 3522 2623 3074 3525 2626 1503 2179 2181 1057 1510 
4862 4417 4418 3744 4195 3746 3747 2848 3299 3750 2851 1277 1728 2404 1282 1735 836 1062 839 
4642 4643 3969 4420 3971 3972 3073 3524 3975 3076 1502 1953 2629 1280 2406 383 1734 1960 1287 1064 1067 
4867 4868 4194 4645 4196 4197 3298 3749 4200 3301 1727 2178 2854 1505 2631 1507 608 1959 2185 1061 1512 1288 1292 1969 
4419 4870 4421 4422 3523 3974 4425 3526 1952 2403 3079 1730 2856 1732 833 2184 2410 1286 1737 1513 1289 2190 1966 2194 
4644 4646 4647 3748 4199 4650 3751 2177 2628 3304 1955 3081 1957 1058 2409 2635 1511 1738 1514 2420 
4869 4871 4872 3973 4424 4875 3976 2402 2853 3529 2180 3306 2182 1283 2634 1736 1962 1963 1739 2645 1971 
4198 4649 4201 2627 3078 3754 2405 3531 2407 1508 2859 2860 2187 2188 1964 2191 2868 2419 2870 3098 3549 
4727 4423 4874 4426 2852 3303 3979 2630 3756 2632 3084 3085 1961 2412 2413 2189 2415 2416 2644 3095 2196 
4648 4651 3077 3528 4204 2855 3981 2857 1733 3309 3310 2186 2637 2638 2414 2640 2641 1517 3093 2869 2421 3774 3775 3779 
4873 4876 3302 3753 4429 4206 3082 1958 3534 3535 2411 2862 2863 2639 2865 2866 1742 3318 3320 2646 2422 3999 4000 3327 
3527 3978 4654 3080 4431 3307 2183 3759 3760 2636 3088 2864 3090 3091 3543 2647 3323 
3752 4203 4879 3305 4656 3532 2408 3984 3985 2861 3087 3089 3315 3316 3768 3545 2872 4225 3101 
3977 4428 3530 4881 3757 2633 4209 4210 3086 3312 3313 3314 3540 3541 1967 3094 3770 2871 3097 3548 4224 3552 
4202 4653 3755 3982 2858 4434 4435 3311 3537 3538 3539 3766 2192 3993 3319 3995 3096 3773 4003 
4427 3980 4207 3083 4659 4660 3536 3762 3763 3764 3765 3991 2417 4218 3544 3321 3322 3998 4449 4450 3326 3777 4004 
4652 4205 4432 3308 4884 4885 3761 3987 3988 3989 3990 4216 2642 4443 3769 4220 3546 3547 4674 
4503 4877 4878 4430 4657 3533 3986 4212 4213 4214 4215 4441 2867 4668 3994 4445 3772 4223 4899 4002 
4728 4655 4882 3758 4211 4437 4438 4439 4440 4666 3092 4893 4219 4670 3771 3997 4448 4675 4227 
4880 3983 4436 4662 4663 4664 4665 4891 3317 4444 4895 3996 4222 4673 4452 4228 4229 
4208 4661 4887 4888 4889 4890 3542 4669 4221 4447 4898 4900 4677 4454 3555 
4433 4886 3767 4894 4446 4672 3551 4902 4453 
4658 4671 4897 3776 4679 3780 
4883 3992 4896 4001 4904 4005 
4217 4226 4678 4230 
4442 4451 4903 4455 
4667 4676 
4892 4901 4680 
4905 
 
 
 
 
 
 
 
 
 
 
 
 
 
 
 
 
 
 
 
 
 
 
 
 
 
 
 
 
 
 
 
 
 
 
 
 
 
 
 
 
 
 
 
 
 
 
 
 
 
 
 
 
 
 
 
